999999999999999999999999999999999
988888888888888888888888888888889
987777777777777777777777777777789
987666666666666666666666666666789
987655555555555555555555555556789
987654444444444444444444444456789
987654333333333333333333333456789
987654322222222222222222223456789
987654321111111111111111123456789
987654321111111111111111123456789
987654321111111111111111123456789
987654321111111111111111123456789
987654321111111111111111123456789
987654321111111111111111123456789
987654321111111111111111123456789
987654321111111111111111123456789
987654321111111111111111123456789
987654322222222222222222223456789
987654333333333333333333333456789
987654444444444444444444444456789
987655555555555555555555555556789
987666666666666666666666666666789
987777777777777777777777777777789
988888888888888888888888888888889
999999999999999999999999999999999