00
11111111111111111111111111111111101111111111111111111111
11111111111111111111111111111111101111111111111111111111
11111111111110000111111111111111101111111111111111111111
11111111111000000000111111111111101111111111111111111111
11111111110000000000111111111111111111111111111111111111
11111111110000000000111111111111111111111111111111111111
11111111110000000000111111111111111111111111111111111111
11111111111000000000111111111111111111111111111111111111
11111111111110000111111111111111111111111111111111111111
11111111111111111111111111111110000000111111111111111111
11111111111111111111111111111100000000011111111111111111
11111111111111111111111111111100000000011111111111111111
11111111111111111111111111111110000000111111111111111111
11111111111110000111111111111111101111111111111111111111
11111111111000000000111111111111101111111111111111111111
11111111110000000000111111111111101111111111111111111111
11111111110000000000111111111111101111111111111111111111
11111111110000000000111111111111101111111111111111111111
11111111111000000000111111111111101111111111111111111111
11111111111110000111111111111111101111111111111111111111
11111111111111111111111111111111101111111111111111111111
11111111111111111111111111111111101111111111111111111111